3268.1599867
3369.2076667
3483.2505967
3554.2877067
3683.3302967
3754.3674067
3867.4514667
4030.5147967
4087.5362567
4200.6203167
4363.6836467
4491.7422267
4647.8433367
4775.9019167
4961.9812267
5064.9904167
5162.0431767
5290.1017567
5387.1545167
5500.2385767
5628.2971567
5741.3812167
5828.4132467
5885.4347067
6071.5140167
6174.5232067
6302.6181667
6488.6974767
6674.7767867
6775.8244667
6874.8928767
7003.9354667
7117.0195267
7254.0784367
7367.1624967
7468.2101767
7624.3112867
7695.3483967
7823.4069767
7880.4284367
7951.4655467
8064.5496067
8250.6289167
8321.6660267
8422.7137067
8537.7406467
8608.7777567
8755.8461667
8886.8866567
9017.9271467
9088.9642567
9217.0228367
9364.0912467
9492.1862067
9620.2447867
9723.2539767
9860.3128867
10007.3812967
10106.4497067
10177.4868167
10340.5501467
10453.6342067
10616.6975367
10673.7189967
10760.7510267
10916.8521367
11003.8841667
11090.9161967
11204.0002567
11390.0795667
11521.1200567
11668.1884667
11769.2361467
11826.2576067
11989.3209367
12117.3795167
12230.4635767
12367.5224867
12424.5439467
12552.6025267
12639.6345567
12753.6774867
12909.7785967
12966.8000567
13097.8405467
13168.8776567
13239.9147667
13425.9940767
13523.0468367
13660.1057467
13797.1646567
13900.1738467
13997.2266067
14068.2637167
14171.2729067
14284.3569667
14355.3940767
14483.4526567
14611.5112367
14797.5905467
