953
659 838
78 5
213 115
311 682
328 937
111 922
443 2
543 255
82 64
846 485
788 62
249 911
460 493
185 773
387 56
245 90
950 275
112 113
766 951
47 56
622 470
140 198
44 29
416 511
461 211
515 358
83 199
176 102
194 140
151 346
123 119
14 1
116 383
222 301
181 220
101 262
679 284
180 141
485 625
126 462
899 585
260 17
507 314
313 113
185 489
806 322
90 25
272 16
87 148
39 131
404 356
51 435
874 99
344 853
258 318
277 558
673 578
597 335
766 651
606 107
374 188
918 7
412 385
753 96
674 900
453 651
110 45
750 389
410 593
24 350
26 117
23 309
279 228
883 395
934 587
401 199
727 386
339 655
237 11
101 320
866 824
461 827
556 847
172 728
569 852
437 828
12 278
845 164
102 98
458 132
520 394
59 55
87 537
157 5
494 419
8 46
608 183
467 48
564 433
10 402
3 7
144 37
756 692
137 735
38 347
715 126
784 144
583 178
81 17
358 214
671 596
306 431
201 345
644 383
585 359
264 204
299 522
287 30
10 53
898 231
753 770
58 491
222 229
12 30
576 162
485 195
285 195
718 642
471 443
70 50
121 454
3 391
361 26
93 68
612 117
510 595
812 484
4 510
724 701
234 35
63 561
478 642
839 290
111 615
507 683
645 170
553 661
146 723
45 57
610 529
323 445
116 12
664 186
638 142
89 862
947 806
39 1
684 824
682 832
46 751
63 50
880 221
425 193
194 208
10 92
380 394
185 457
181 101
277 205
30 952
283 247
181 259
399 562
178 513
565 4
481 365
192 261
752 200
60 690
87 107
268 372
823 106
36 77
138 59
108 29
633 333
45 23
29 8
621 461
159 423
91 699
362 92
851 578
538 247
421 359
505 591
120 111
582 55
483 41
235 73
786 588
85 207
343 128
386 11
953 717
82 377
895 280
499 244
97 432
170 192
430 855
126 663
479 6
746 571
599 676
159 332
15 175
687 524
1 444
14 86
581 660
614 424
683 811
2 403
325 790
588 873
54 134
15 22
140 206
686 333
405 384
11 6
276 370
617 167
163 14
436 553
536 556
35 460
342 300
725 713
46 397
33 42
6 28
531 850
38 282
228 182
142 114
542 170
230 338
840 197
674 610
411 59
64 656
393 417
224 47
73 1
392 47
420 345
948 846
763 742
16 793
11 607
351 124
743 13
13 114
24 310
629 258
549 21
36 897
354 101
472 299
25 35
209 802
277 298
449 62
453 366
894 634
4 119
817 807
143 288
666 494
396 14
57 71
601 523
273 165
379 603
941 401
223 341
366 204
123 365
325 150
678 80
426 384
303 151
315 747
618 483
61 914
27 569
156 15
784 841
262 329
280 588
734 598
540 65
927 50
266 14
204 203
226 137
24 434
132 177
505 106
248 1
97 689
193 39
3 2
202 99
365 714
526 337
178 627
729 776
738 458
24 349
54 141
4 3
108 115
261 570
419 611
106 324
617 906
733 628
646 156
293 742
36 32
125 274
449 620
140 9
177 352
368 175
312 109
208 890
241 224
241 691
317 473
283 534
247 280
171 535
547 18
103 80
98 67
168 716
250 442
346 879
632 768
355 65
263 237
3 5
9 19
16 60
726 492
68 47
112 6
411 414
695 731
701 882
35 242
72 415
300 32
179 748
694 340
121 167
594 580
47 592
40 3
815 343
343 389
135 701
286 4
279 708
799 909
745 624
376 219
648 696
437 159
247 455
151 169
15 18
111 798
195 36
364 95
46 474
253 221
875 712
767 585
168 106
647 191
89 759
706 297
740 676
33 675
215 705
97 158
215 270
3 20
321 5
32 61
323 195
529 251
311 371
732 386
187 436
89 267
60 844
1 41
796 621
115 478
429 486
255 36
4 438
404 648
13 10
523 47
235 265
103 330
510 795
775 701
163 393
88 52
2 75
275 777
52 67
214 208
543 584
512 808
749 597
17 9
771 295
125 44
152 179
887 180
913 387
282 408
878 268
26 65
76 388
162 31
251 141
219 409
133 16
367 258
477 343
91 94
373 602
33 164
18 87
108 524
590 358
630 762
9 12
449 943
801 925
589 337
28 447
91 111
864 318
99 339
225 115
652 418
824 916
290 275
206 222
23 16
720 427
118 292
189 144
153 18
184 23
822 821
658 412
687 907
111 333
902 364
156 888
83 46
340 209
36 124
439 431
800 489
651 803
182 337
162 492
654 876
71 72
44 147
22 240
424 287
920 71
35 38
589 938
567 441
21 384
433 70
285 539
653 451
521 127
926 116
326 78
7 9
50 28
427 245
581 358
566 931
139 6
359 212
519 62
755 707
707 35
250 508
235 560
239 348
355 498
136 294
935 123
53 76
62 43
416 209
289 262
313 413
195 441
26 12
82 369
363 379
872 725
532 137
328 241
496 181
121 99
42 171
730 225
22 105
450 156
102 247
472 761
107 758
302 484
418 337
175 291
299 335
420 711
435 744
871 512
96 63
630 6
104 619
168 258
891 757
818 786
446 132
501 572
174 13
187 218
114 297
200 199
452 311
799 766
797 681
54 41
37 514
159 126
191 250
148 187
23 24
350 400
654 412
100 33
571 712
361 378
536 296
369 643
930 549
197 141
416 459
296 275
16 382
132 322
634 625
867 302
453 787
185 120
406 180
831 262
672 84
835 313
390 215
335 357
616 881
46 203
246 55
635 451
194 215
826 683
36 665
154 216
349 939
804 500
220 239
211 13
48 684
877 481
363 362
62 469
465 574
460 669
695 197
407 487
350 422
434 551
279 616
765 678
15 6
310 680
315 657
641 101
223 91
217 141
500 915
465 392
158 276
200 700
331 497
220 502
889 394
863 548
41 51
905 179
165 142
356 631
344 861
271 66
599 153
15 243
366 571
114 173
141 688
31 47
659 638
157 475
235 896
868 148
169 430
530 112
780 69
5 842
410 6
609 80
525 152
55 145
568 741
27 2
281 4
69 49
805 299
57 557
115 191
600 626
733 782
230 120
21 104
38 830
380 45
95 59
600 476
770 912
312 856
623 423
233 168
21 33
774 520
43 28
70 160
122 41
172 50
101 30
236 429
908 237
53 150
173 302
120 305
360 407
512 128
528 2
249 19
39 470
794 277
59 495
89 38
511 550
118 48
580 409
149 949
813 15
721 460
275 54
857 46
80 62
901 679
848 551
381 265
464 151
167 210
440 312
697 264
869 752
620 737
230 373
231 49
268 65
209 140
650 9
781 535
431 586
315 468
566 485
356 140
10 9
639 301
546 598
252 284
149 12
166 149
129 49
74 27
132 35
523 604
46 933
590 681
904 59
106 73
77 917
825 504
792 44
544 357
188 74
304 245
760 334
155 64
178 59
359 463
919 169
541 885
341 858
708 729
487 757
223 578
147 334
36 127
769 672
503 399
29 34
509 704
38 613
945 707
212 120
694 703
33 135
814 692
932 841
480 302
59 577
736 697
880 940
166 319
772 884
239 269
316 693
267 375
170 145
66 41
502 719
821 606
466 94
785 608
15 517
829 16
134 662
573 463
568 464
311 260
166 308
20 55
152 501
32 16
25 9
20 331
548 188
190 9
476 372
865 812
85 29
299 140
152 138
929 57
772 612
541 502
554 101
5 16
137 26
944 869
150 923
64 25
886 819
860 791
859 682
624 509
778 344
649 571
306 305
31 809
108 154
25 205
21 130
21 1
557 924
238 124
7 8
69 518
258 456
48 232
82 316
201 81
370 849
295 16
6 2
150 921
360 297
15 84
252 144
685 86
677 124
388 698
546 83
14 236
710 625
256 15
596 344
485 555
531 144
12 109
910 24
559 14
579 296
175 670
143 114
946 407
186 64
487 506
833 423
70 448
107 854
97 42
221 11
632 104
81 183
274 789
79 136
488 204
164 667
451 400
702 180
448 692
640 278
146 12
98 398
942 669
72 722
52 893
353 159
779 725
834 560
7 37
545 60
293 208
327 291
151 227
145 317
697 928
